10076
5123
28052
20283
24313
12719
3234
32423
23534
51457
45413
1341
13451
1341
13451
344
13465
4361
41351
34561
13413
13451
134
34575
97486
45623
1436
3145
646
636
346
463
63463
34563
4151
43646
67337
24565
6833
2572
25734
345
7847
46784
53765
8957
9885
8057
94794
5673
3567
35678
5657
56853
2562
24567
6798
6836
24546
45765
14351
67844
4315
1365
5684
8795
87089
35673
34522
67864
87653
45634
546
35677
36572
25754
5674
7895
57684
2562
42456
789
46784
54624
7895
67946
87907
47694
78705
4784
25635
2456
2456
567
75895
657
36578
65768
536
1545
