87654
5625
456
5473
76578
65735
4562
31451
67484
87968
57890
57893
25622
67584
4564
23456
36735
32345
571
42565
5462
2446
567
2145
134
55657
3683
24362
45646
425
14313
5684
794
256
25479
6784
24562
48476
7847
752
98579
675645
143657
8767
2567
978
1451
8476
7976
8750
45414
13455
3838
2465
43535
8794
35624
24543
65537
8797
4848
8790
5673
2456
146
36768
59789
57567
75978
4262
47686
98579
562
45143
35673
87649
6783
646
7946
463
54756
6784
672
678
24562
135
68746
7847
5780
6784
572
24572
78795
65462
46784
53673
45356
6784
42562
683
